0.7276339530944824
1.1281118392944336
1.342991828918457
1.603299856185913
1.8700318336486816
2.254901885986328
2.6471128463745117
3.100745916366577
3.488804817199707
3.8965370655059814
4.369905948638916
4.715483903884888
5.228761672973633
5.5726258754730225
5.802198886871338
5.968124866485596
6.286005020141602
6.481490850448608
6.630704879760742
6.920227766036987
7.16971492767334
7.540637969970703
7.712408065795898
7.8664467334747314
8.017594814300537
8.157141923904419
8.292657852172852
8.571600914001465
8.838518857955933
9.12373399734497
9.378432989120483
9.657573699951172
9.950797080993652
10.169963836669922
10.405742883682251
10.680773735046387
10.940009832382202
11.223998785018921
11.491245031356812
11.751782894134521
12.033374786376953
12.324790954589844
12.602576732635498
12.801739931106567
13.074511766433716
13.318801879882812
13.498631954193115
13.802097797393799
14.07017970085144
14.36536192893982
14.577873945236206
14.759382009506226
14.890362739562988
15.06713080406189
15.20197606086731
15.574724674224854
15.822336912155151
16.084951877593994
16.319410800933838
16.473010778427124
16.813987016677856
17.140384912490845
17.355732917785645
17.560980796813965
17.69958806037903
17.864633798599243
18.08902382850647
18.249236822128296
18.466384887695312
18.607470750808716
18.79292392730713
18.939920902252197
19.12170171737671
19.2947518825531
19.44823384284973
19.586013793945312
19.725693941116333
19.861039876937866
19.997382879257202
20.1318199634552
20.26449680328369
20.398284912109375
20.532136917114258
20.66618013381958
20.81613278388977
20.985013008117676
21.14772391319275
21.279064893722534
21.415332794189453
21.572157859802246
21.74762988090515
21.89531683921814
22.0793879032135
22.255124807357788
22.413150787353516
22.55745577812195
22.69160795211792
22.8260600566864
22.959852933883667
23.096414804458618
